%YAML:1.0
---
cameraMatrix: !!opencv-matrix
   rows: 3
   cols: 3
   dt: d
   data: [ 6.0346514323431597e+02, 0., 5.9370057718718397e+02, 0.,
       5.7475970558709741e+02, 2.2209620970255307e+02, 0., 0., 1. ]
distortionCoefficients: !!opencv-matrix
   rows: 1
   cols: 5
   dt: d
   data: [ 3.5176841138774610e-02, 4.1651976688647341e-02,
       -1.2561901374931730e-02, 6.5270168301019810e-02,
       -3.2670098538267252e-02 ]
rotation: !!opencv-matrix
   rows: 3
   cols: 3
   dt: d
   data: [ 1., 0., 0., 0., 1., 0., 0., 0., 1. ]
projection: !!opencv-matrix
   rows: 4
   cols: 4
   dt: d
   data: [ 6.0346514323431597e+02, 0., 5.9370057718718397e+02, 0., 0.,
       5.7475970558709741e+02, 2.2209620970255307e+02, 0., 0., 0., 1.,
       0., 0., 0., 0., 1. ]
